Webots Project File version R2023b
perspectives: 000000ff00000000fd00000002000000010000013f000002e8fc0200000001fb0000001400540065007800740045006400690074006f00720100000019000002e80000008900ffffff000000030000071e00000100fc0100000001fb0000001a0043006f006e0073006f006c00650041006c006c0041006c006c01000000000000071e0000006900ffffff000005dd000002e800000001000000020000000100000008fc00000000
simulationViewPerspectives: 000000ff0000000100000002000001f1000001c00100000002010000000101
sceneTreePerspectives: 000000ff00000001000000030000002100000219000000fa0100000002010000000201
minimizedPerspectives: 000000ff00000000fd0000000300000000000001ca0000039ffc0200000001fb00000012005300630065006e0065005400720065006501000000000000039f0000000000000000000000010000036700000447fc0200000001fb0000001400540065007800740045006400690074006f0072010000001e000004470000009300ffffff0000000300000a00000000b2fc0100000002fb0000000e0043006f006e0073006f006c006501000001d0000005b00000000000000000fb0000001a0043006f006e0073006f006c00650041006c006c0041006c006c010000000000000a000000006900ffffff000006970000044700000004000000040000000100000008fc00000000
maximizedDockId: -1
centralWidgetVisible: 1
orthographicViewHeight: 1
textFiles: 0 "controllers/line_following/line_following.py"
globalOptionalRendering: LidarPointClouds::LidarRaysPaths::CoordinateSystem
consoles: Console:All:All
renderingDevicePerspectives: e-puck:camera;1;0.820513;0;0
renderingDevicePerspectives: e-puck:display;1;1.52333;0;0
